669
25
2
4
1
6


2983457
1
0
1
-30
1
8192
96
0
0
0
0
0
0
0
0
0
0
0
0
0
0
375
0
0
26
4096
4096
32767
256
2048
512
0
0
0
32767
4096
5
-96
-86
-60
-12
0
-96
-86
-60
-12
0
50
400
-4
0
-86
1
120
0
7
16384
128
8192
25520
32685
23197
9216
5
-80
-70
-68
-24
0
-96
-86
-68
-24
0
50
1000








4214246
1
0
1
-26
1
8192
96
0
0
0
0
0
0
0
0
0
0
0
0
0
0
375
0
0
26
4096
4096
32767
256
2048
512
0
0
0
32767
4096
5
-96
-86
-60
-12
0
-96
-86
-60
-12
0
50
400
-4
0
-86
1
120
0
7
16384
128
8192
25520
32685
23197
9216
5
-80
-70
-68
-24
0
-96
-86
-68
-24
0
50
1000








5952780
1
0
1
-22
1
8192
96
0
0
0
0
0
0
0
0
0
0
0
0
0
0
375
0
0
26
4096
4096
32767
256
2048
512
0
0
0
32767
4096
5
-96
-86
-60
-12
0
-96
-86
-60
-12
0
50
400
-4
0
-86
1
120
0
7
16384
128
8192
25520
32685
23197
9216
5
-80
-70
-68
-24
0
-96
-86
-68
-24
0
50
1000








8408527
1
0
1
-18
1
8192
96
0
0
0
0
0
0
0
0
0
0
0
0
0
0
375
0
0
26
4096
4096
32767
256
2048
512
0
0
0
32767
4096
5
-96
-86
-60
-12
0
-96
-86
-60
-12
0
50
400
-4
0
-86
1
120
0
7
16384
128
8192
25520
32685
23197
9216
5
-80
-70
-68
-24
0
-96
-86
-68
-24
0
50
1000








11877359
1
0
1
-14
1
8192
96
0
0
0
0
0
0
0
0
0
0
0
0
0
0
375
0
0
26
4096
4096
32767
256
2048
512
0
0
0
32767
4096
5
-96
-86
-60
-12
0
-96
-86
-60
-12
0
50
400
-4
0
-86
1
120
0
7
16384
128
8192
25520
32685
23197
9216
5
-80
-70
-68
-24
0
-96
-86
-68
-24
0
50
1000








16777216
1
0
1
-10
1
8192
96
0
0
0
0
0
0
0
0
0
0
0
0
0
0
375
0
0
26
4096
4096
32767
256
2048
512
0
0
0
32767
4096
5
-96
-86
-60
-12
0
-96
-86
-60
-12
0
50
400
-4
0
-86
1
50
0
7
16384
128
8192
25520
32685
23197
9216
5
-80
-70
-68
-24
0
-96
-86
-68
-24
0
50
1000









1
1
1
0
10
800
120



1
64
-6
6
-5
6
-4
4
-5
4
-5
3
-7
4
-5
3
-3
7
-2
6
-1
7
-6
-2
-15
-11
-15
-7
6
27
72
105
283
293
3815
293
284
105
71
25
4
-8
-17
-10
-13
-1
-5
7
0
9
-2
7
-4
6
-6
5
-6
4
-7
5
-6
4
-4
5
-5
5
0
0
0
0
0
0
0
0
0
0
0
0
0
0
0
0
0
0
0
0
0
0
0
0
0
0
0
0
0
0
0
0
0
0
0
0
0
0
0
0
0
0
0
0
0
0
0
0
0
0
0
0
0
0
0
0
0
0
0
0
0
0
0
0
0
0
0
0
0
0
0
0
0
0
0
0
0
0
0
0
0
0
0
0
0
0
0
0
0
0
0
0
0
0
0
0
0
0
0
0
0
0
0
0
0
0
0
0
0
0
0
0
0
0
0
0
0
0
0
0
0
0
0
0
0
0
0
0
