669
25
2
2
1
6


2983457
1
0
1
-16
1
8230
96
0
0
0
0
0
0
0
0
0
0
0
0
0
0
50
0
0
255
1286
20000
16384
256
8192
512
12055
32604
32441
23170
1024
5
-96
-72
-60
-26
0
-96
-72
-60
-20
-20
400
50
-6
0
-78
1
300
0
0
16384
512
512
25520
32685
0
0
5
-96
-80
-70
-24
0
-96
-96
-70
-24
0
50
1000



4214246
1
0
1
-12
1
8230
96
0
0
0
0
0
0
0
0
0
0
0
0
0
0
50
0
0
255
1286
20000
16384
256
8192
512
12055
32604
32441
23170
1024
5
-96
-72
-60
-26
0
-96
-72
-60
-20
-20
400
50
-6
0
-78
1
300
0
0
16384
512
512
25520
32685
0
0
5
-96
-80
-70
-24
0
-96
-96
-70
-24
0
50
1000



5952780
1
0
1
-8
1
8230
96
0
0
0
0
0
0
0
0
0
0
0
0
0
0
50
0
0
255
1286
20000
16384
256
8192
512
12055
32604
32441
23170
1024
5
-96
-72
-60
-26
0
-96
-72
-60
-20
-20
400
50
-6
0
-78
1
300
0
0
16384
512
512
25520
32685
0
0
5
-96
-80
-70
-24
0
-96
-96
-70
-24
0
50
1000



8408527
1
0
1
-4
1
8230
96
0
0
0
0
0
0
0
0
0
0
0
0
0
0
50
0
0
255
1286
20000
16384
256
8192
512
12055
32604
32441
23170
1024
5
-96
-72
-60
-26
0
-96
-72
-60
-20
-20
400
50
-6
0
-78
1
300
0
0
16384
512
512
25520
32685
0
0
5
-96
-80
-70
-24
0
-96
-96
-70
-24
0
50
1000



11877359
1
0
1
0
1
8230
96
0
0
0
0
0
0
0
0
0
0
0
0
0
0
50
0
0
255
1286
20000
16384
256
8192
512
12055
32604
32441
23170
1024
5
-96
-72
-60
-26
0
-96
-72
-60
-20
-20
400
50
-6
0
-78
1
300
0
0
16384
512
512
25520
32685
0
0
5
-96
-80
-70
-24
0
-96
-96
-70
-24
0
50
1000



16777216
1
0
1
4
1
8230
96
0
0
0
0
0
0
0
0
0
0
0
0
0
0
50
0
0
255
1286
20000
16384
256
8192
512
12055
32604
32441
23170
1024
5
-96
-72
-60
-26
0
-96
-72
-60
-20
-20
400
50
-6
0
-78
1
300
0
0
16384
512
512
25520
32685
0
0
5
-96
-80
-70
-24
0
-96
-96
-70
-24
0
50
1000



1
1
0
0
10
800
120



1
64
9
15
13
14
11
8
4
4
-1
-2
-5
-2
-1
13
24
43
54
55
22
-15
-64
-95
-118
-89
-27
71
125
176
102
-10
-330
370
3327
366
-325
-12
99
172
121
70
-23
-82
-111
-86
-56
-10
25
54
52
42
22
10
-1
-4
-9
-3
-4
3
4
10
11
16
15
14
0
0
0
0
0
0
0
0
0
0
0
0
0
0
0
0
0
0
0
0
0
0
0
0
0
0
0
0
0
0
0
0
0
0
0
0
0
0
0
0
0
0
0
0
0
0
0
0
0
0
0
0
0
0
0
0
0
0
0
0
0
0
0
0
0
0
0
0
0
0
0
0
0
0
0
0
0
0
0
0
0
0
0
0
0
0
0
0
0
0
0
0
0
0
0
0
0
0
0
0
0
0
0
0
0
0
0
0
0
0
0
0
0
0
0
0
0
0
0
0
0
0
0
0
0
0
0
0
