385
25
3
4
1
0
1
0
1
220
8192
1
0
1
50
1
7000
1
159
0
8192
2048
0
96
8192
1024
64
8192
800
1
776
256
128
128
600
5000
4000
512
128
128
64
5000
4000
600
256
256
256
32767
0
0
3000
280
328
5827
16384
512
768
150
32767
16384
16384
1
12000
32
64
64
16613
1024
0
0
5119
0
90
8192
8192
2048
40
2048
4000
32
2048
4000
2
100
32
1024
800
32
1024
800
2
100
2048
32
64
20480
64
16800
400
12288
0
16384
32767
60
23062
-11398
-2622
4704
8698
8807
4494
835
481
209
6655
7358
-1669
4806
-598
-880
16
16
181
512
256
256
600
0
512
256
256
6000
3000
128
480
320
280
5000
2000
256
32767
0
0
16384
0
128
768
12288
8192
256
256
256
4915
0
20
823
3277
16423
9093
0
5827
819
32767
32767
0
0
16384
512
512
12055
32442
23170
4096
0
0
1
5
-80
-70
-62
-12
0
-90
-75
-62
-12
-3
50
1000
1
-5
1
64
-2
2
-1
2
-1
1
-1
2
-1
2
-2
2
-1
3
-1
3
0
3
0
5
1
6
2
7
4
10
7
22
35
95
184
474
3741
474
183
96
34
22
7
10
3
6
1
6
2
4
0
4
0
3
-1
2
-1
3
-1
1
-1
2
-1
2
-2
2
-2
2
0
0
0
0
0
0
0
0
0
0
0
0
0
0
0
0
0
0
0
0
0
0
0
0
0
0
0
0
0
0
0
0
0
0
0
0
0
0
0
0
0
0
0
0
0
0
0
0
0
0
0
0
0
0
0
0
0
0
0
0
0
0
0
0
0
0
0
0
0
0
0
0
0
0
0
0
0
0
0
0
0
0
0
0
0
0
0
0
0
0
0
0
0
0
0
0
0
0
0
0
0
0
0
0
0
0
0
0
0
0
0
0
0
0
0
0
0
0
0
0
0
0
0
0
0
0
0
0
