385
25
3
8
1
0
1
0
1
220
8192
1
3
1
100
1
7000
1
31
0
8192
2048
0
96
8192
4096
64
8192
2048
2
776
512
256
256
600
1000
1000
512
256
256
0
1000
1000
512
384
256
128
32767
0
0
1000
280
4096
5827
8192
512
768
150
32767
16384
16384
1
6000
32
64
64
16728
1024
0
0
5119
0
90
8192
8192
2048
40
2048
4000
32
2048
4000
2
100
32
1024
800
32
1024
800
2
100
2048
32
64
20480
64
16800
400
12288
0
16384
32767
60
23062
-11398
-2622
4704
8698
8807
4494
835
481
209
6655
7358
-1669
4806
-598
-880
16
16
181
512
256
256
600
0
512
256
256
6000
3000
128
480
320
280
5000
2000
256
32767
0
0
16384
0
128
768
12288
8192
256
256
256
4915
0
20
823
3277
16423
9093
0
5827
819
32767
32767
0
0
16384
512
512
12055
32442
23170
4096
0
0
1
5
-80
-70
-65
-24
0
-96
-76
-65
-24
0
50
400
0
-3
1
64
-3
1
-2
3
-1
1
-2
3
-1
4
-1
4
0
4
-1
5
1
6
1
6
2
8
4
12
10
20
10
10
15
146
422
1077
3787
1076
421
146
16
11
10
20
10
12
5
8
1
6
2
6
0
6
0
4
-2
3
-2
3
-2
3
-2
2
-1
2
-2
3
0
0
0
0
0
0
0
0
0
0
0
0
0
0
0
0
0
0
0
0
0
0
0
0
0
0
0
0
0
0
0
0
0
0
0
0
0
0
0
0
0
0
0
0
0
0
0
0
0
0
0
0
0
0
0
0
0
0
0
0
0
0
0
0
0
0
0
0
0
0
0
0
0
0
0
0
0
0
0
0
0
0
0
0
0
0
0
0
0
0
0
0
0
0
0
0
0
0
0
0
0
0
0
0
0
0
0
0
0
0
0
0
0
0
0
0
0
0
0
0
0
0
0
0
0
0
0
0

